6138.239 1.258e-01
6138.265 1.258e-01
6138.466 3.361e-01
6138.502 3.361e-01
6139.309 6.483e-02
6139.357 6.483e-02
6140.558 3.457e-02
6140.562 3.457e-02
6140.666 1.545e-01
6140.702 1.545e-01
6140.892 1.950e-02
6140.944 1.950e-02
6141.146 6.512e-01
6141.184 6.512e-01
6145.068 2.726e-01
6145.081 2.726e-01
6145.347 4.521e-03
6145.392 4.521e-03
6145.467 7.466e-03
6145.493 7.466e-03
6146.163 8.145e-01
6146.192 8.145e-01
6152.619 2.768e-01
6152.637 2.768e-01
6152.639 7.586e-04
6152.669 7.586e-04
6153.035 1.274e-03
6153.100 1.274e-03
6162.759 1.071e-04
6162.765 1.071e-04
6163.317 1.724e-04
6163.428 1.724e-04
6171.228 2.292e-01
6171.242 2.292e-01
6172.342 2.059e+00
6172.350 2.059e+00
6175.691 1.085e-05
6175.718 1.085e-05
6175.891 5.932e-02
6175.913 5.932e-02
6176.359 1.688e-05
6176.525 1.688e-05
6177.982 7.466e-01
6178.009 7.466e-01
6183.553 3.207e-02
6183.570 3.207e-02
6186.091 2.605e-01
6186.147 2.605e-01
6191.474 9.496e-07
6191.540 9.496e-07
6192.212 1.278e-06
6192.440 1.278e-06
6194.109 9.087e-03
6194.111 9.087e-03
6194.624 4.440e-01
6194.677 4.440e-01
6196.773 6.301e-02
6196.869 6.301e-02
6204.404 1.525e+00
6204.468 1.525e+00
6207.472 3.814e-03
6207.494 3.814e-03
6210.110 1.572e-02
6210.149 5.780e-08
6210.253 1.572e-02
6210.263 5.780e-08
6210.927 8.561e-08
6211.226 8.561e-08
6214.764 5.536e-01
6214.790 5.536e-01
6223.431 1.561e+00
6223.553 1.561e+00
6223.625 1.219e-03
6223.681 1.219e-03
6226.159 2.305e-03
6226.357 2.305e-03
6231.766 2.614e-09
6231.933 2.614e-09
6232.564 3.802e-09
6232.938 3.802e-09
6237.731 4.329e-01
6237.748 4.329e-01
6242.577 0.000e+00
6242.672 0.000e+00
6244.972 5.333e-04
6245.234 5.333e-04
6245.273 1.085e+00
6245.465 1.085e+00
6256.381 8.075e-11
6256.608 8.075e-11
6257.186 1.157e-10
6257.642 1.157e-10
6263.453 2.363e-01
6263.524 2.363e-01
6264.351 0.000e+00
6264.494 0.000e+00
6266.599 9.798e-05
6266.932 9.798e-05
6270.003 5.251e-01
6270.273 5.251e-01
6284.062 2.266e-12
6284.354 2.266e-12
6284.865 3.209e-12
6285.407 3.209e-12
6288.986 0.000e+00
6289.186 0.000e+00
6291.091 1.437e-05
6291.502 1.437e-05
6291.967 9.916e-02
6292.101 9.916e-02
6297.670 1.966e-01
6298.025 1.966e-01
6314.884 3.919e-14
6315.244 3.919e-14
6316.536 0.000e+00
6316.798 0.000e+00
6318.504 0.000e+00
6319.003 0.000e+00
6323.320 3.046e-02
6323.523 3.046e-02
6328.315 5.531e-02
6328.763 5.531e-02
6347.059 0.000e+00
6347.392 0.000e+00
6348.903 0.000e+00
6349.496 0.000e+00
6357.577 7.233e-03
6357.856 7.233e-03
6361.986 1.227e-02
6362.533 1.227e-02
6380.626 0.000e+00
6381.037 0.000e+00
6382.356 0.000e+00
6383.051 0.000e+00
6394.811 1.342e-03
6395.173 1.342e-03
6398.737 2.155e-03
6399.390 2.155e-03
6417.317 0.000e+00
6417.812 0.000e+00
6418.943 0.000e+00
6419.746 0.000e+00
6435.106 1.963e-04
6435.559 1.963e-04
6438.629 3.160e-04
6439.398 3.160e-04
6457.217 0.000e+00
6457.802 0.000e+00
6458.751 0.000e+00
6459.668 0.000e+00
6465.292 2.312e-01
6465.324 2.312e-01
6465.579 8.551e-02
6465.596 8.551e-02
6466.657 4.374e-02
6466.708 4.374e-02
6467.615 1.051e-01
6467.653 1.051e-01
6467.722 4.294e-01
6467.758 4.294e-01
6468.676 2.670e-02
6468.685 2.670e-02
6468.947 1.396e-02
6469.000 1.396e-02
6471.926 1.778e-01
6471.940 1.778e-01
6472.748 5.200e-01
6472.776 5.200e-01
6474.417 3.470e-03
6474.462 3.470e-03
6474.644 5.762e-03
6474.689 5.762e-03
6478.552 2.170e-05
6479.103 2.170e-05
6479.692 1.878e-01
6479.709 1.878e-01
6481.737 3.377e-05
6482.629 3.377e-05
6483.034 6.792e-04
6483.061 6.792e-04
6483.566 1.063e-03
6483.658 1.063e-03
6494.794 9.666e-05
6494.795 9.666e-05
6495.502 1.570e-04
6495.651 1.570e-04
6499.313 1.514e-01
6499.330 1.514e-01
6500.426 0.000e+00
6500.521 1.428e+00
6500.529 1.428e+00
6501.106 0.000e+00
6501.876 0.000e+00
6502.912 0.000e+00
6504.443 5.007e-02
6504.468 5.007e-02
6506.778 5.200e-01
6506.807 5.200e-01
6509.679 1.188e-05
6509.718 1.188e-05
6510.513 1.863e-05
6510.729 1.863e-05
6512.883 2.092e-02
6512.904 2.092e-02
6515.760 1.718e-01
6515.822 1.718e-01
6524.198 3.206e-01
6524.257 3.206e-01
6524.529 6.180e-03
6524.534 6.180e-03
6525.244 1.899e-06
6525.900 1.899e-06
6527.583 5.780e-02
6527.689 5.780e-02
6527.753 1.168e-06
6527.837 1.168e-06
6528.143 2.876e-06
6528.660 1.583e-06
6528.952 1.583e-06
6529.167 2.876e-06
6534.815 1.095e+00
6534.881 1.095e+00
6539.293 2.734e-03
6539.314 2.734e-03
6542.339 1.710e-02
6542.499 1.710e-02
6545.814 4.256e-01
6545.846 4.256e-01
6547.052 0.000e+00
6547.830 0.000e+00
6549.065 8.074e-08
6549.203 8.074e-08
6550.010 1.203e-07
6550.388 1.203e-07
6555.363 1.213e+00
6555.491 1.213e+00
6557.154 9.306e-04
6557.212 9.306e-04
6560.098 3.560e-03
6560.321 3.560e-03
6570.587 3.556e-01
6570.600 3.556e-01
6573.678 5.028e-09
6573.878 5.028e-09
6574.639 7.349e-09
6575.110 7.349e-09
6575.287 1.321e-07
6576.055 1.321e-07
6577.943 1.957e-07
6578.125 0.000e+00
6578.228 0.000e+00
6579.000 8.874e-01
6579.106 1.957e-07
6579.203 8.874e-01
6580.923 4.432e-04
6581.218 4.432e-04
6598.430 2.101e-01
6598.501 2.101e-01
6601.668 2.502e-10
6601.938 2.502e-10
6602.239 0.000e+00
6602.396 0.000e+00
6602.628 3.600e-10
6603.202 3.600e-10
6604.875 8.856e-05
6605.252 8.856e-05
6605.814 4.624e-01
6606.103 4.624e-01
6628.793 7.319e-09
6629.386 9.567e-02
6629.524 9.567e-02
6629.545 0.000e+00
6629.682 7.319e-09
6629.763 0.000e+00
6631.241 1.064e-08
6632.019 1.427e-05
6632.487 1.427e-05
6632.552 1.064e-08
6633.124 9.875e-12
6633.468 9.875e-12
6634.072 1.403e-11
6634.754 1.403e-11
6635.870 1.881e-01
6636.253 1.881e-01
6660.107 0.000e+00
6660.395 0.000e+00
6662.425 1.863e-06
6662.995 1.863e-06
6663.504 3.257e-02
6663.717 3.257e-02
6668.144 3.035e-13
6668.567 3.035e-13
6669.225 6.051e-02
6669.710 6.051e-02
6685.887 3.230e-10
6686.903 3.230e-10
6688.156 4.629e-10
6689.621 4.629e-10
6694.000 0.000e+00
6694.367 0.000e+00
6696.173 0.000e+00
6696.854 0.000e+00
6700.857 8.676e-03
6701.153 8.676e-03
6705.937 1.551e-02
6706.534 1.551e-02
6731.313 0.000e+00
6731.767 0.000e+00
6733.352 0.000e+00
6734.152 0.000e+00
6741.534 1.881e-03
6741.920 1.881e-03
6746.077 3.100e-03
6746.704 1.133e-11
6746.794 3.100e-03
6747.852 1.133e-11
6748.818 1.604e-11
6750.441 1.604e-11
6772.145 0.000e+00
6772.693 0.000e+00
6774.060 0.000e+00
6774.990 0.000e+00
6785.630 3.163e-04
6786.116 3.163e-04
6789.723 5.138e-04
6790.570 5.138e-04
6811.390 3.135e-13
6812.673 3.135e-13
6816.607 0.000e+00
6817.257 0.000e+00
6818.408 0.000e+00
6819.476 0.000e+00
6829.330 5.813e-01
6829.356 5.813e-01
6830.351 2.420e-01
6830.357 2.420e-01
6831.359 1.025e+00
6831.392 1.025e+00
6831.420 1.207e-01
6831.478 1.207e-01
6831.785 2.629e-01
6831.829 2.629e-01
6833.254 4.276e-05
6833.847 4.276e-05
6834.507 7.915e-02
6834.533 7.915e-02
6834.688 4.236e-02
6834.746 4.236e-02
6835.885 4.197e-01
6835.903 4.197e-01
6836.306 1.190e+00
6836.333 1.190e+00
6836.965 6.707e-05
6837.954 6.707e-05
6841.522 1.154e-02
6841.569 1.154e-02
6841.899 2.049e-02
6841.970 2.049e-02
6843.825 4.222e-01
6843.840 4.222e-01
6851.895 2.555e-03
6851.918 2.555e-03
6852.613 4.295e-03
6852.741 4.295e-03
6864.564 3.288e-01
6864.583 3.288e-01
6864.824 0.000e+00
6865.582 0.000e+00
6865.801 4.469e-04
6865.811 4.469e-04
6865.844 3.071e+00
6865.853 3.071e+00
6866.521 0.000e+00
6866.725 7.329e-04
6866.921 7.329e-04
6867.734 0.000e+00
6870.272 1.055e-01
6870.302 1.055e-01
6872.874 1.162e+00
6872.906 1.162e+00
6879.680 4.197e-02
6879.707 4.197e-02
6882.949 4.257e-01
6883.018 4.257e-01
6883.245 6.462e-05
6883.300 6.462e-05
6884.310 1.023e-04
6884.522 4.673e-06
6884.587 1.023e-04
6885.232 4.673e-06
6887.908 7.126e-06
6889.048 7.126e-06
6891.156 6.803e-01
6891.221 6.803e-01
6892.683 1.724e-02
6892.694 1.724e-02
6896.201 1.326e-01
6896.319 1.326e-01
6902.703 2.311e+00
6902.771 2.311e+00
6904.303 7.624e-06
6904.412 7.624e-06
6905.450 1.146e-05
6905.818 1.146e-05
6909.195 6.034e-03
6909.213 6.034e-03
6912.733 3.821e-02
6912.913 3.821e-02
6914.510 9.174e-01
6914.549 9.174e-01
6916.936 0.000e+00
6917.805 0.000e+00
6925.062 2.663e+00
6925.197 2.663e+00
6929.042 7.213e-07
6929.187 1.461e-03
6929.217 7.213e-07
6929.246 1.461e-03
6930.232 1.082e-06
6930.703 1.082e-06
6932.634 8.481e-03
6932.887 8.481e-03
6939.564 4.268e-07
6940.398 4.268e-07
6941.432 7.903e-01
6941.439 7.903e-01
6942.670 6.187e-07
6943.972 6.187e-07
6950.853 1.993e+00
6951.069 1.993e+00
6952.686 4.196e-04
6952.795 4.196e-04
6955.982 1.897e-03
6956.318 1.897e-03
6957.551 5.754e-08
6957.800 5.754e-08
6958.756 8.255e-08
6959.341 8.255e-08
6971.818 4.914e-01
6971.886 4.914e-01
6979.732 9.643e-05
6979.902 9.643e-05
6980.183 1.101e+00
6980.494 1.101e+00
6982.854 3.304e-04
6983.285 3.304e-04
6989.931 3.707e-09
6990.261 3.707e-09
6991.134 5.363e-09
6991.842 5.363e-09
6998.519 3.100e-08
6999.486 3.100e-08
7001.383 4.410e-08